Time_4	F_4:1	D_4:1	F_4:3	D_4:3	F_4:5	D_4:5	F_4:7	D_4:7	F_4:9	D_4:9	F_4:11	D_4:11	Meas. Temp. Time	Tact
-2.87157853051667E-9	0	8.43769498715119E-15	3.53184148593755E-11	5.77315972805081E-15	-9.75886038645513E-11	2.22044604925031E-16	-8.64019966684282E-12	1.55431223447522E-15	-3.78299169767615E-10	-6.88338275267597E-15	-1.1662204535412E-10	-1.11022302462516E-15	170.694513716735	24.9202038840233
0.0761490635729078	-0.0109297530725598	-0.0152487372748653	0.039754514928366	-0.0401641415653216	-0.0795716912532951	0.0130058566539051	0.0105209456933153	-0.0119041882206956	0.0271962471661533	0.00149484726356541	-0.0245213306572871	-0.0467396323081186	171.694496977143	24.9095941436382
0.152402275164301	0.0750336954370141	-0.00434378106921551	-0.00497652959271999	-0.0211371045482678	0.00559217547534008	0.00328818725552105	0.0433858515871179	-0.0149083591775094	0.032581080614869	0.00824428370199137	-0.0242349337260996	-0.0192889535243392	172.69448463805	24.9095941436382
0.228599422300855	0.128704614937305	0.0214956662378625	0.0317226313407746	-0.0511206669835302	0.0261171183503395	-0.0139733189767239	0.0775785467367314	-0.00225924764028052	0.037319153996628	-0.00182660366190368	-0.0971235302174385	-0.0209412308431223	173.694503102452	24.9223258321003
0.304846368419627	0.038889336399734	-0.032543967738937	-0.0636132297060312	-0.0586576594872326	0.0426859906830943	0.00333585431380379	0.0757465362462426	-0.0151813898054753	0.0137726826329123	-0.00327671706123289	-0.0463999192636286	-0.0425581467794143	174.694418469444	24.9095941436382
0.380972520836318	0.0378549704328179	-0.00959733599142121	-0.0189989879374179	-0.0580242227496739	0.0898741788184454	0.0475794972108761	-0.0132664697598557	-0.055410717471075	-0.00670739715037083	0.00163784670196088	-0.049005987408443	-0.00656990114855316	175.694416817278	24.9202038840233
0.457132012272874	0.0383540065959096	-0.00632791146556722	-0.0977000419936003	-0.104048488962115	0.0360168485855867	0.0303811716374869	-0.00978524025867955	-0.0412391136880201	0.0282279919775243	0.013172264163835	-0.047155618106651	-0.0262486939867739	176.694368645549	24.9095941436382
0.533306224426875	0.0679547991603613	0.0112476203589238	-0.0664046133203255	-0.0464478372900827	0.0747111401476106	0.0114282533334633	-0.0010616864565236	-0.020313700729828	0.04965689409351	0.00487092832883484	-0.0249126893365677	-0.0239065086492343	177.694354420528	24.9095941436382
0.60949688606585	0.0872277487069368	2.56332733186149E-5	-0.153666617313472	-0.0573411698347797	0.0578772931314235	0.00963256107417032	-0.00598239048076721	-0.0346480664769599	0.0641655040640723	-0.0139777055605845	0.0198749790327135	-0.0355206553476546	178.694343338721	24.9095941436382
0.685727267448479	0.159652831964195	-0.0428109875097022	-0.0869660942150103	-0.0761666479778511	0.0714243664362586	0.02466674018703	-0.0290729084272243	-0.0217859586913234	0.0268126060091669	0.0071695446668445	-0.00604796218088022	-0.0122631262768647	179.694326599129	24.9308136244083
0.761822218230614	0.167333284392953	-0.0289030994749084	-0.183487025364381	-0.0986812819255873	0.100522661111609	0.0626189363161702	0.0101436174254559	-0.0298868690849743	0.0444266966174434	0.00335444577972788	-0.0371218629668213	-0.0425728078947867	180.694297286682	24.9095941436382
0.838569186783085	0.193006822839379	-0.0732909832151933	-0.113714506193143	-0.0397010114787917	0.148594146869255	0.0180499863351147	0.0346776523674635	-0.00298235669357738	0.0484162333464662	0.00251043835671561	-0.012729727525518	-0.0390894523951755	181.694272374734	24.9095941436382
0.914751634156952	0.166950238868594	-0.0612422953265566	-0.104527726734129	-0.0331543157304508	0.179171896628032	0.035204648992192	0.0867322300073283	-0.0354564600174554	0.0470272870057267	0.0111959072923542	0.0296324158446375	-0.0319589260175104	182.7730849199	24.9414233647934
0.990979804812619	0.191620795056224	0.00175491494190672	-0.077454203083259	-0.0789104652005164	0.229491189024611	0.0318369513252323	0.0566471431848186	-0.0320255743595068	0.0427876756780785	-0.0235811495390761	-0.0448004807751452	-0.0391315398427861	183.694218778983	24.9350575205624
1.06715602862338	0.192554800771177	-0.0526590660493782	-0.139197586689686	-0.0410243451716155	0.159198533646031	0.00693820745848961	0.0873018130573655	-0.0635203879011625	0.0280475273257759	-0.00227689084152138	-0.00548221114807101	-0.0322974201438353	184.694197638892	24.9095941436382
1.14330308341111	0.385351720266044	-0.0519152217304311	-0.0433300168207706	-0.0785321087479018	0.0915252081073961	0.074234227809882	0.0621984898957635	-0.0389193157376424	-0.00137731470744651	0.00580957343135702	0.00127973057194386	-0.0201649249796116	185.694177756086	24.9350575205624
1.2195167952838	0.37605831772089	-0.11261055404548	-0.0733678228799972	-0.0601730327224117	0.121152490279838	0.013016985370655	0.109406677731386	-0.0272661800351399	0.0400990724092987	0.00297126351394916	-0.010165488971986	-0.0435769015312115	186.694157244638	24.9095941436382
1.29575139905016	0.285748649388552	-0.0294728634148016	-0.00935483037361973	-0.0763835695930424	0.124591489783779	0.0358252854243519	0.0482023698855301	-0.0283523034182294	0.0351543902880218	0.00349918145209238	0.0212246124226774	-0.02667187700152	187.694133589976	24.9095941436382
1.37200027300666	0.309466359205544	-0.0769249074677334	-0.0357472014567675	-0.0954426134734319	0.197035352042986	0.0483925648207733	0.0978007689031983	-0.0288119062181365	0.0490652095468755	0.00289624887980033	-0.0268894069383598	-0.024835293252637	188.694186629727	24.9477892090244
1.44805776715899	0.264839735813439	-0.0909020120334305	-0.0126413801951157	-0.0736055183532414	0.113718909672753	0.0785685603116237	0.0586962018605846	-0.0355966094320321	0.0360832690722015	0.0014719811030306	0.0388412101890687	-0.0210739945455185	189.694089423865	24.9477892090244
1.52432355160514	0.374542062170804	-0.104266706454601	-0.0259262950113834	-0.0512706055911223	0.114643333009735	0.0791344542361119	0.149165631396045	-0.0261967841012576	0.02898762999535	0.00620238254726524	0.00208125658198033	-0.0499677725110825	190.694069541059	24.9223258321003
1.60052669180247	0.491768599487841	-0.149068667023917	-0.0449992715959224	-0.075747037537178	0.188974472782502	0.0624268555170036	0.150280750214733	-0.017627744299942	0.0282291319163557	-0.0056342019462432	-0.0490996987793799	-0.00947393751592185	191.694042743184	24.9202038840233
1.67669459657433	0.429948893375695	-0.0904130300275399	-0.0461242030952844	-0.0734137449887213	0.188644819608908	0.0480033717363713	0.138765541561952	-0.0233176801245192	0.0208396336625407	-0.0124378988559	0.019429516269404	-0.0403915529170871	192.694005258381	24.9350575205624
1.75290407558593	0.428110043518245	-0.0991170123098102	-0.011284032801238	-0.0741266132778491	0.148878656975012	0.0515306763396099	0.149052863665929	-0.0195673550186355	0.0531554963382002	-0.00988858307885443	-0.018658260169311	-0.0417054271584771	193.694006120786	24.9350575205624
1.82905534227999	0.398236518725753	-0.0960716353226787	-0.116836384524201	-0.0831072358648952	0.0901898815252027	0.0604367084179105	0.0663862813707965	-0.0275249888511395	0.037157242946301	-0.00834206802928583	0.0530305164968674	-0.029800846217982	194.693977436982	24.9095941436382
1.90533148885394	0.457655667327344	-0.128101448175349	-0.0288904426885592	-0.0865675633143552	0.31898136874197	0.0370192209647657	0.0793995197241202	-0.0335114959363365	0.057042048658837	-0.0084455128514731	-0.0119629774392045	-0.0573224230155784	195.693949381821	24.9095941436382
1.98146591840001	0.52409939467907	-0.131352318791065	-0.0904293836048664	-0.0429260799025939	0.120277676633759	0.0502957291299426	0.0859425568069128	-0.0660535423180859	0.0555577166733707	0.00573469374474933	0.0432180910136346	-0.0419507504446994	196.693925098516	24.9095941436382
2.05770254430051	0.476635728031397	-0.110570431228032	-0.0237736260784613	-0.0692021559517229	0.222288736603514	0.0680176868699791	0.116836936337222	-0.0138096630799664	0.0610030918842819	-0.0112200133319857	-0.0175306398570931	-0.0424926005580073	197.693903958425	24.9095941436382
2.13388086358706	0.457821138203144	-0.136039257266012	0.0186537790157972	-0.078636393027034	0.112420742115956	0.102329365969496	0.149644049141898	-0.0107598741195132	0.0435482938610727	-0.00415476640919343	0.041511146065907	-0.0592553721136266	198.693876531906	24.9095941436382
2.21009656616176	0.494240037165582	-0.132896400812959	-0.0450033278158726	-0.0755189023488412	0.263182638487888	0.0457925064569624	0.119310233200849	-0.0541476829114187	0.0466047033196952	-0.00454739900906254	0.0519906877305154	-0.0659878843733861	199.693856020458	24.9223258321003
2.2865623847271	0.578237073495984	-0.150074357347242	0.0126181058938828	-0.0716307529347886	0.250084192208033	0.0622897895436838	0.099312917453517	-0.0492230733242975	0.0497037160253564	-0.0157200798343309	0.0457810643231575	-0.0400079315964217	200.693843052723	24.9202038840233
2.36280734014387	0.543344955891371	-0.158730856027481	-0.0186854706100048	-0.0745271738271582	0.19190091779019	0.0683012281118922	0.105498226616874	-0.0273659342450954	0.0708252941095049	-0.0133724484398596	-0.00524435271720658	-0.0332941722488169	201.693866546266	24.9350575205624
2.43892716422367	0.568207697942853	-0.169711838612435	0.0103475967155946	-0.100002662659074	0.192954716733948	0.0691878323489166	0.105852639027944	-0.0497614205163883	0.0727579730606118	-0.00620002079052262	-0.0284528970530367	-0.0497995524784767	202.693814602681	24.9223258321003
2.51525755218851	0.519752288237214	-0.180053675748744	-0.023852693502401	-0.10495275261672	0.220304787061377	0.0628130092541996	0.117259520496191	-0.0232901125617373	0.0537836175354238	-0.00167227877094667	0.0579843100010955	-0.0238623906123945	203.69375448674	24.9095941436382
2.59140243815879	0.583709983155131	-0.174946731032199	-0.0423005322260606	-0.0611950689998593	0.202788589052216	0.0675624182624122	0.0865577459248925	-0.0518301198562183	0.0446840934810604	0.00043978354511176	-0.0122637607644058	-0.0342460975241903	204.693748434074	24.9223258321003
2.66755850349242	0.658041936345398	-0.195099324506023	0.0542773412274373	-0.0362707946746581	0.243012829772124	0.024068620325892	0.0614079779725216	-0.0310690861871861	0.0850150746960532	-0.00924665796710378	0.0109191881172344	0.0130775160200745	205.693727922626	24.9095941436382
2.7437902574117	0.661084204912186	-0.18731983287926	-0.0432830216629254	-0.0568311552243244	0.320205856761913	0.0286533796364667	0.0830998569640542	-0.0330656856396969	0.0800755748674016	-0.0111389536613087	0.0228864671342059	-0.0290095233528131	206.693713068962	24.9095941436382
2.82001858522805	0.710204930044711	-0.259834348953623	0.0902203861977187	-0.0595992504625484	0.300332008949408	0.0394554262088607	0.127453813586726	-0.0414772408619639	0.0620386207625012	-0.00189215151777211	0.0468449239213193	-0.0766809298068136	207.693690042943	24.9223258321003
2.89621974520075	0.701730249449611	-0.219109132203121	0.0291328281517353	-0.0715201525541658	0.23391253863947	0.039434735289632	0.108768009704818	-0.0173096517322462	0.0702671504209826	0.00305035623988936	0.0371582378227437	-0.04016463193942	208.693644385785	24.9308136244083
2.97235204783889	0.817282942123711	-0.240800166760485	-0.024302093897556	-0.0653702019529248	0.295988516412035	0.0592480127532158	0.15286330558547	-0.0307336216388292	0.0544145881659057	0.00589202236819397	0.0325464699942792	-0.031131969269482	209.693633303978	24.9350575205624
3.04854072925324	0.882605761289597	-0.275859393744773	0.172380766556519	-0.0962146654531408	0.255270187458973	0.0778224301545267	0.102193158643331	-0.0252229081575008	0.0438830815610851	-0.0104538640907277	0.0386882375776374	-0.0536336801772859	210.693619078957	24.9350575205624
3.12468993190366	0.871987164020538	-0.262574386435793	-0.0762479863707695	-0.0535908069201354	0.243491656235347	0.0570684905973737	0.105135090640488	-0.0338632022550753	0.0418632068095173	-0.00962969491119003	0.0422337650086526	-0.0604875405516492	211.693591023795	24.9095941436382
3.20105561815823	0.862965734675527	-0.271842385886876	-0.0358397997562561	-0.0733399762806584	0.226584596834255	0.0684378036730495	0.131384713300577	-0.0332465750078212	0.0629379497163933	0.00737791680911237	0.0438330422937476	-0.046947972675768	212.693657893687	24.9202038840233
3.277333944027	0.879910413175821	-0.286608824751446	-0.0450975354407701	-0.0759091462803609	0.337190939388347	0.106037572774256	0.18393775926279	-0.0472640630372594	0.0943985999816102	-0.00117445992997722	0.0142195047490283	-0.045069818728906	213.693547486328	24.9223258321003
3.35346219191949	1.00812997762114	-0.316580933758522	-0.00793281566545101	-0.0961773104107464	0.338911490789724	0.0798280080015845	0.154749761725725	-0.0415951000294525	0.023891956063431	-0.00939491705535267	0.019549561378674	-0.0595845045868384	214.693533889949	24.9223258321003
3.4297133499446	1.09211313724518	-0.318558141704662	-0.00533358500812664	-0.0536465371017356	0.287746823481212	0.039847948742761	0.108259342602196	-0.0457824148562891	0.0436794737502675	-0.00479592577031673	-0.0433280435288246	-0.0338239853677902	215.693502691574	24.9223258321003
3.5058248549855	0.990990060381591	-0.338793042821399	0.0837844579526363	-0.0222940990174947	0.18231926997687	0.06501370223495	0.153193501480928	-0.0470500464739401	0.0797149055061306	-0.0162093856417369	-0.0203570677287892	-0.0348658802545725	216.693474636413	24.9095941436382
3.582082299438	1.09912669658661	-0.322149920325947	0.102327570975679	-0.0485411737372714	0.306852531335335	0.0220101115225193	0.119096967781843	-0.0464504756809971	0.0287859957607504	-0.000772702284087989	-0.0464211032960768	-0.0262863240025137	217.693457268178	24.9095941436382
3.65829606369759	0.987584376707673	-0.313417116335464	0.0283606114843069	-0.0779852193875512	0.31912104105113	0.100082063294679	0.15695343378593	-0.0480350264852361	0.0743951876484568	-0.0162142066158777	0.0762322977373266	-0.0458775618863438	218.693438014016	24.9223258321003
3.73444310800793	1.09644117113203	-0.383952325609803	0.0275146328265992	-0.096649272197959	0.229026430747763	0.0918547997944759	0.141975718940557	-0.04486173320211	0.087384221903954	0.00251649477319682	0.0339452914406799	-0.0668110050297213	219.693406186998	24.9202038840233
3.81088371799948	1.17047750484198	-0.41377434603435	0.0359696988369551	-0.115705789785375	0.412450924418136	0.11528943197385	0.183484580891218	-0.0765055332422675	0.0545927688008812	-0.0153773253141833	0.126055326534945	-0.0335574390424125	220.693390704691	24.9223258321003
3.88703089851576	1.16196953225881	-0.3763952521329	-0.0969981134823383	-0.0876783671767725	0.192527514598351	0.146618500666819	0.170534061525359	-0.0745249334072027	0.0279363141649407	-0.00687584661905993	-0.000853424839285521	-0.0212603666498137	221.693372707814	24.9095941436382
3.96319241208645	1.18836450297385	-0.383615574322383	0.0399641680576979	-0.0592816229814956	0.293485999009772	0.135906230644139	0.169609447666517	-0.0532995033008901	0.0680772169953849	-0.00233080034160316	0.0939499836265647	-0.0581818899559192	222.693329565227	24.9095941436382
4.03928722666266	1.22416130825877	-0.409088484090196	0.0773415509964552	-0.101770331925672	0.369811676345035	0.0841411123979585	0.19791842251152	-0.0628522117027883	0.0502312643189322	-0.00827512442412348	0.0512881562301779	-0.0500029809570617	223.69331848342	24.9223258321003
4.11555100992943	1.30477017909288	-0.395947901004652	-0.0574550522757518	-0.0699160402714027	0.309706063471094	0.0602769342220884	0.186175217577329	-0.0394123100191577	0.0893319137749637	-0.0069910758353513	0.0489235600478175	-0.0527809324359094	224.693297971971	24.9202038840233
4.19174169252316	1.35190311819315	-0.432875627182105	-0.0743131748978767	-0.110868960200685	0.27447666814096	0.0866894547920654	0.163040521944822	-0.0584509165304878	0.069625513042916	-0.0067542048904341	-0.058246173081195	-0.0538756888023511	225.693276203237	24.9095941436382
4.26779087811398	1.30942029412836	-0.429797319072	0.110330235869545	-0.0525592813397338	0.354749878398434	0.0587814307899921	0.234509102991524	-0.0426519963292817	0.108038600569722	-0.00253949561359668	0.0651155173966551	-0.0140298358711004	226.693242490292	24.9223258321003
4.34405875803592	1.24541874136776	-0.428061591096244	-0.0688560325299177	-0.0732699892625646	0.216769455275608	0.0651118704625449	0.201564559970393	-0.075625435405952	0.0982969043512236	0.00545887344055296	0.087156490729533	-0.0490910765775265	227.693215692416	24.9095941436382
4.42016192308317	1.24454095587134	-0.386745268349549	0.00935104803314335	-0.110157402721307	0.351678579948111	0.0737371202972101	0.166331773349157	-0.0286180748540927	0.0810538584515195	-0.0114617370598109	0.0579543546030188	-0.0127793584526341	228.693197066896	24.9223258321003
4.49632156120303	1.24406088888645	-0.388215161001134	0.119905948674234	-0.0355938507290943	0.349702264270673	0.0640295880299677	0.218186157081618	-0.0346300662911558	0.0886807363422628	-0.00463493072074761	0.0805861671049322	-0.0318736726380575	229.693185985088	24.9223258321003
4.5726502413551	1.26372926682234	-0.305675612223686	0.106046392307538	-0.111083495661882	0.421290010861139	0.0796587014468744	0.224335864177647	-0.0651859754620843	0.0945774014981504	-0.0206402196061004	0.0582849890181685	-0.0314519892188099	230.693164844997	24.9095941436382
4.64893831118631	0.353796131908894	-0.200158400656326	0.521136010100993	0.0497510454266377	0.442863562605635	0.0681903611057069	0.351190845872225	-0.0543797700432107	0.463072636510838	0.00200615114840041	0.308908373678398	-0.0586490775066306	231.693141818978	24.9095941436382
4.7251187049939	0.228261068463326	-0.156825476825466	0.753162757218736	0.110886312733447	0.456192238531185	0.0733509631988059	0.39942614201118	-0.0349889607556391	0.444318905922096	-0.00736362581751115	0.253336850098342	-0.0328386986616078	232.693115021102	24.9202038840233
4.80121159173238	0.491589369252324	-0.126071227838557	0.100328611245307	-0.0219778166539526	0.526854464314238	0.0306111442117472	0.283199389057245	-0.0289951896762217	0.22423123364893	0.000986225443064592	0.214164288089953	-0.026030565766676	233.693093252368	24.9223258321003
4.87741488909039	0.433304151520133	-0.137269322531088	0.249259913375529	3.87300300475069E-5	0.48218113993762	0.106388867703288	0.267066121092739	-0.0781158787472391	0.199442706623864	-0.0077193981498096	0.190352836676332	-0.059089993559682	234.693077141419	24.9095941436382
4.95351400986935	0.440309055149555	-0.0847459632355396	0.101489627148415	0.00130101134593597	0.397623127601219	0.0725658296167071	0.345534580085769	-0.0332700207634657	0.201087982739915	0.00475703821452833	0.117504202390385	-0.0324533100783111	235.693052858114	24.9095941436382
5.02971923506508	0.269205234013498	-0.0319014652115954	0.249093596548694	-0.0208179220854787	0.36697176685102	0.12494418314472	0.317957617333832	-0.0371551247985293	0.216822532765542	-0.00738245191050857	0.13971008687374	-0.0176045992606231	236.693025431596	24.9095941436382
5.10578708086784	0.484879235737026	-0.0938410455753371	0.159983679687532	-0.0226190126280925	0.43470138450648	0.114641433734477	0.249770844612613	-0.0387287127032307	0.219404419712697	-0.00810059060238877	0.126161454636779	-0.0454318810134009	237.693001776934	24.9223258321003
5.18205490840289	1.14608730282634	-0.484335224662678	0.172116606842185	-0.0879068790540827	0.395783377341286	0.088041161653081	0.252695262423458	-0.0479510088289727	0.140531438542035	-0.0119641086341955	0.0875901355173234	-0.0622326647040421	238.692983780056	24.9095941436382
5.25828739573869	1.12381062749773	-0.427506592453304	0.0532696303333369	-0.0567850570498307	0.383593454114089	0.0597167775360676	0.289737525786222	-0.0450612054072919	0.150942732512299	-0.0110289117447093	0.158425743490418	-0.0647080059080463	239.692943780683	24.9095941436382
5.33439905794027	1.14475372899324	-0.470292776011311	0.00504873386110649	-0.0551528672311519	0.500958648226242	0.0505907359648463	0.212311469009819	-0.0392974026016033	0.155745501769212	-0.00703489180084893	0.0683726538498128	-0.0456726507375305	240.692944014445	24.9350575205624
5.41064412860821	1.24655216280371	-0.388429674600721	0.121184257205035	-0.10747493869689	0.381830821088625	0.118701419046715	0.219910884533419	-0.0473127555187303	0.157193468298424	-0.0176851194547891	0.200017335623463	-0.0594547522568274	241.692921617068	24.9350575205624
5.48666587394352	1.33751195948571	-0.447271745806396	0.0996408667768565	-0.0538216985377402	0.446758626303745	0.0590651250034855	0.265524865252246	-0.0499303250398795	0.153898134449315	-0.016384881368104	0.147250877068721	-0.0607823671254846	242.692984715104	24.9095941436382
5.56289217962573	1.14524555113167	-0.47351621788379	0.0441681625055326	-0.0791887889436338	0.41203647767652	0.0532716433862108	0.191411377054919	-0.042704429869046	0.11437325224511	-0.0135993440487636	0.143215719155044	-0.0342615653470244	243.692866764031	24.9414233647934
5.63930781154583	1.1429483210668	-0.471129631127488	0.161869551401044	-0.0837357716006806	0.42124753733624	0.0766771527500227	0.234457993072738	-0.0470171545893534	0.139395769721028	-0.00462250613595194	0.0865358607523128	-0.0614634804928482	244.692910374142	24.9095941436382
5.71557149003881	1.13969142455608	-0.378210858649416	0.0503333273389517	-0.09606082728572	0.44703560834314	0.07538925199097	0.323762439182701	-0.0475181029755858	0.25821764315429	-0.0112512282168706	0.136774249935818	-0.0470795156125245	245.692830141634	24.9223258321003
5.79205390477243	1.27231798414141	-0.464731318682473	0.14011364371648	-0.0542632383442139	0.469745225361476	0.0820434721146912	0.257546768647899	-0.0516238024801778	0.167275237990048	-0.00350080308020728	0.0605053297688507	-0.0532671491181997	246.692818431184	24.9350575205624
5.86815513150456	1.23725386057049	-0.462886996745616	0.11919219422892	-0.115195943724836	0.394243170968548	0.128576148756253	0.202223854396834	-0.03562644002683	0.129767608761136	-0.00477797666052715	0.147061817231381	-0.0565765346928953	247.692774659954	24.9202038840233
5.94426669940973	1.25889054778963	-0.467386268959606	0.0741205215807286	-0.077844775398654	0.366927457503334	0.109589787969327	0.179174091125788	-0.0258931620237617	0.134047034335759	-0.00593540293831274	0.100606085108004	-0.0446037814826081	248.69275980629	24.9095941436382
6.02039908586691	1.15152298659086	-0.427627847243164	0.0241310441600335	-0.0793108930782522	0.362386140874787	0.0572565587444844	0.25637122455646	-0.0665219838335516	0.174026190028195	-0.0137617926884201	0.113599688375664	-0.0246781747429463	249.692851193249	24.9095941436382
6.096769099279	1.19240025803447	-0.465098927530951	0.0614421858498035	-0.0807066188036969	0.444898958406339	0.0687930171658879	0.263388084505095	-0.0830758398816995	0.159693721717354	-0.0223496845907147	0.140066626280507	-0.0437823213784452	250.692765302956	24.9350575205624
6.17308689343433	1.2519502826035	-0.494076268534789	0.141766905819925	-0.134050116331815	0.379947224161879	0.0989655889295877	0.276200585058632	-0.0557379930657176	0.127846034486134	-0.0248377392132466	0.135333873892498	-0.0371335043927428	251.692686327733	24.9095941436382
6.24931314672964	1.27731087710708	-0.461114205832919	-0.0101847803486335	-0.0942781900222314	0.375437974832221	0.071126672060416	0.232671252309956	-0.0458435986576105	0.119655992043641	-0.0205007647808981	0.0291321743805135	-0.0348426200675658	252.69266707357	24.9095941436382
6.32561880808013	1.30471962597221	-0.463471798891922	0.0976852421070662	-0.0750763558675884	0.482982577286021	0.0395671845266465	0.254455151293769	-0.0526241060485246	0.145305715950649	-0.0266059602433655	0.126227663205348	-0.0512501294698648	253.692646562122	24.9095941436382
6.4017654437727	1.28405362088233	-0.471347271919049	0.144318360870632	-0.0288464013933605	0.397683498910919	0.0645298219530164	0.261094060318555	-0.0753103830540722	0.142125725367856	-0.00717003752006184	0.0923499944722359	-0.0221263074254108	254.692628565244	24.9095941436382
6.47806658937285	1.24593604914844	-0.487837303764414	0.00355411014046059	-0.0674902772186612	0.410430312059089	0.0899008678448754	0.326673969617786	-0.0434532683090494	0.133069812873196	-0.0176298126243137	0.108917429926598	-0.0548118982939354	255.6925860513	24.9202038840233
6.55427200316141	1.29054171498865	-0.433281426060708	0.0569475038954197	-0.127302028027623	0.315664333007317	0.132048791460676	0.285359795595468	-0.072349756606924	0.109910345361237	-0.0174330003541809	0.140909108132085	-0.0360470736159197	256.692591314204	24.9350575205624
6.63069392150889	1.22887832578272	-0.470849529436228	0.081512048255111	-0.0426626213387293	0.400703966519996	0.0851346297415605	0.255067242034784	-0.0346906038853787	0.143955198876534	-0.0105796306296282	0.177415211652963	-0.060027482627093	257.692653154954	24.9223258321003
6.70684314511406	1.31824883725494	-0.440110416182043	0.0480637979115572	-0.10137865534474	0.406481125107985	0.124564455008113	0.199043390997758	-0.0707950349467821	0.116306222596955	-0.0217274690103222	0.136381806181155	-0.0246208917723447	258.692520745099	24.9095941436382
6.78296709728117	1.28188987728208	-0.453287991073685	-0.0458138733749065	-0.0690568998496359	0.586039447686926	0.129625948559323	0.264743081152119	-0.0459353756618113	0.148653535828594	-0.0232431020693793	0.0990553646113519	-0.0539934204060881	259.692507777363	24.9308136244083
6.85915826183433	1.42596506327391	-0.472366889026765	0.0840682561555086	-0.0749714771125354	0.482852317295237	0.0978255247727591	0.326209462105908	-0.0498602840965232	0.152238662493851	-0.0131422817189344	0.16613301284476	-0.0298742507248033	260.692486008629	24.9095941436382
6.93527998231972	1.28525248263031	-0.47594225219199	0.187006515175956	-0.0934797292584846	0.413992174617033	0.0729500652322204	0.310014182959094	-0.0395493428746205	0.142182701613415	-0.0185484152983901	0.0881673577344124	-0.0764299000288002	261.692466125824	24.9223258321003
7.01145402683566	1.40315028652549	-0.498892182068167	0.119181930433418	-0.0763907795440217	0.446112775705115	0.0936951084568707	0.31273730630528	-0.0354396526531515	0.145994654581551	-0.0205291841132362	0.0577981003496213	-0.0541355088023476	262.692466359586	24.9095941436382
7.08789694185058	1.29477830324322	-0.49305377683452	-0.0856139516724097	-0.0510357884316419	0.423885439238529	0.10211274893527	0.25897006050991	-0.0511983911540297	0.17087889590453	-0.0192445571973179	0.255905925433829	-0.0426181231979126	263.692408129573	24.9095941436382
7.16396883192162	1.34964724164456	-0.468643744647741	0.227616639843139	-0.0749009828770624	0.453777449480367	0.0675258541581345	0.247339599889983	-0.0391610414607995	0.13460191880909	-0.0225483286264774	0.119762438148221	-0.0263224673215359	264.692454882897	24.9095941436382
7.24014926763872	1.2027897881344	-0.459126305991438	0.0537872625248683	-0.0785428292777168	0.440450542322378	0.0884451201109757	0.113077394655647	-0.0277658191174892	-0.0588800728791687	0.008837790984906	-0.0408961374462045	-0.0209923730798078	265.692375279032	24.9223258321003
7.31625457007128	0.568139337934554	-0.45133457253535	-0.861396422574368	-0.0328681286297807	-0.574484063037562	0.130095849718942	-0.891569658058415	0.037858789513068	-0.981192315168705	0.0918833028188077	-1.0474972556751	0.0481218695918801	266.692357282154	24.9095941436382
7.39247483030583	-1.15387901011854	-0.392602009229555	-2.88684621263489	0.0748710145566975	-2.78973816568468	0.290004175403937	-3.00112212450176	0.204393066844291	-3.1953883075525	0.276008359145429	-3.20986570294074	0.266418512591257	267.692326083779	24.9095941436382
7.46867154786984	-4.18530431762338	-0.282782350386347	-6.39528720573996	0.278640886762167	-6.2141010672829	0.540996961890187	-6.40554948151976	0.433258395134375	-6.53034416789564	0.554755401058721	-6.57271869356803	0.548807976376237	268.692293628119	24.9223258321003
7.54490398281875	-8.25906707439572	-0.113816740912674	-10.7530468528113	0.495976258045749	-10.5483885892711	0.766682033895848	-10.8578176243054	0.779971164821377	-10.8940323512233	0.873664924963173	-10.841455771281	0.873958100513902	269.692289461382	24.9350575205624
7.62105505044262	-13.0254398901016	-0.0602136824420456	-15.621251535256	0.761077531921023	-15.543974692472	1.09051960438839	-15.8625764272128	1.03433305188249	-15.8465434208983	1.21028711146069	-15.887553559902	1.19578299422181	270.692273979075	24.9350575205624
7.70022921908337	-18.48350640852	0.1341989789915	-21.4879175250373	0.965781225939117	-21.2105161265516	1.3514040966067	-21.3396947107231	1.32277112911724	-21.2115251881027	1.48441101446858	-20.969698509826	1.45154880360469	271.692288042977	24.9095941436382
7.77661777745622	-23.8764557531103	0.295695960798704	-26.8201966428152	1.12757804853132	-26.5057895788039	1.49822137857259	-26.5435122060012	1.53430208471713	-26.2610480424905	1.70864484298368	-25.9160665897973	1.72240555831058	272.692202781327	24.9095941436382
7.85613971125956	-29.1506303763017	0.396269682441991	-31.8112730594618	1.26682375041088	-31.4877788418019	1.6673603398213	-31.2804300401981	1.73257344248107	-30.936329990176	1.90278914157685	-30.5381245844553	1.88634057874989	273.692194214091	24.9095941436382
7.93262647410544	-33.3941334243864	0.533456952594642	-35.6601869718126	1.37109112284862	-35.1596898355568	1.80869276465299	-34.675111893041	1.78770603046975	-34.3145978942984	1.96544729581333	-33.7884551206582	2.03048543691186	274.692170559429	24.9223258321003
8.00896335804525	-36.4224705528468	0.592891472754283	-38.1374954065574	1.38831476984323	-37.1867691644514	1.80343347572108	-36.6946545009191	1.72946343418974	-36.1576928698827	1.90996180812159	-35.6081869921711	1.91071001851276	275.692146276124	24.9202038840233
8.08512460968147	-37.6930518280715	0.578019604460346	-38.4932844352863	1.24660860159674	-37.2513907224918	1.60659657244065	-36.6073861420241	1.56506602151727	-36.0898813708431	1.68468763163911	-35.4651271647838	1.6833126342045	276.692114449106	24.9223258321003
8.16458608900818	-36.499188917689	0.477031082395976	-36.0390011680267	0.988659574471234	-34.5350172393999	1.2500826218417	-33.6525333161953	1.16601732744714	-33.0414217631496	1.24236300377276	-32.6559125071032	1.16969746400706	277.692127255723	24.9350575205624
8.24094566695082	-34.4426177758723	0.381284460107176	-33.5078948220504	0.785466866894899	-32.3120866009079	0.412100317256346	-31.840367742956	0.816477652943819	-30.9212005456761	0.994047826703359	-30.9464428812077	1.1084578328214	278.692085370421	24.9223258321003
8.31713088035273	-32.9909599758685	0.32474890274643	-32.1369356369866	0.697220982756824	-31.0489341468595	0.255810812264684	-30.8343946699674	0.710353314279219	-30.0799237592823	0.910759267504979	-30.1324302304686	1.01194918474424	279.692058572546	24.9095941436382
8.39646258686359	-31.9686384890229	0.295065434119246	-31.5953198068729	0.629099555590364	-30.7320628457749	0.271511610419282	-30.6053028649603	0.696047317307775	-29.8182602793449	0.898030493464184	-29.9425283569992	0.983603478569448	280.692035546526	24.9095941436382
8.47277194672885	-31.5340210674331	0.317416097040458	-31.3879299300058	0.6788163113601	-30.628282230445	0.363829543047985	-30.5801672680127	0.724885489254918	-29.7766962320083	0.895498476504266	-29.8781143604167	0.993306460966209	281.692014406435	24.9095941436382
8.54914396132032	-32.5002516293898	0.281946012498744	-31.4257430272443	0.670359698672917	-30.6335274399305	0.326057432448863	-30.3690295294014	0.720292012453983	-29.6651955581846	0.893379030309113	-29.7462527868235	0.987174915699625	282.691998295486	24.9223258321003
8.62558517899985	-32.4382613981143	0.213628672866727	-31.2137558875872	0.705849020419498	-30.4499685988806	0.316906209340346	-30.3505074530926	0.756291329440858	-29.6162279500372	0.896615112211897	-29.7035172975686	1.00189500172705	283.691970240325	24.9095941436382
8.70181514128732	-32.4298683246598	0.174082044462531	-31.3695559824152	0.675793485469575	-30.4363555223725	0.352158863113289	-30.3455612372163	0.718270928015387	-29.6225298928361	0.903589231164439	-29.7488428091271	0.979218311667792	284.691956015304	24.9095941436382
8.7780808628692	-32.3482179166749	0.166438549194547	-31.2596364952271	0.661537419357507	-30.4441003241621	0.434410283838588	-30.2791018337098	0.74428200623946	-29.5919869835652	0.908868147344755	-29.7268396136248	0.973095101149538	285.691926702857	24.9350575205624
8.85439874084356	-32.1586738461629	0.199668064227589	-31.2782095415784	0.702031057170365	-30.4707346485041	0.373088748936908	-30.3008267613482	0.776156672712007	-29.6262005414046	0.900102019981084	-29.6945070496824	1.02554480841678	286.691942652687	24.9095941436382
8.93051248804356	-32.1574652288109	0.194704115008514	-31.2359989899789	0.640241036733107	-30.3969420813999	0.423134646218245	-30.314412809917	0.772056844916507	-29.604434082456	0.936071921937575	-29.6845152846601	0.974286242437613	287.6918995101	24.9202038840233
9.00669274564522	-32.1113565685228	0.178156778253887	-31.2660509589706	0.722752035948366	-30.459732211479	0.39299506961666	-30.3295996338215	0.771838275365995	-29.558640674963	0.92709153289983	-29.6245918376692	0.976570002142181	288.691855738871	24.9350575205624
9.08287720467585	-31.9923211112618	0.221392989326838	-31.2393731046115	0.70619065271024	-30.381690175929	0.388195774728757	-30.250468960839	0.75621405263084	-29.5605508415706	0.899965087844145	-29.5788854713958	0.968840321252798	289.691830826923	24.9350575205624
9.15924543693351	-32.0781714683399	0.212194238393076	-31.2456886854908	0.693636127617515	-30.3933428668463	0.427329213071573	-30.2306220563482	0.765505744026884	-29.5491484366002	0.897878955408821	-29.6553901259005	1.00622263898643	290.691817230545	24.9095941436382
9.23576080302398	-32.0202334402129	0.23112204790153	-31.3306167758648	0.692976422186979	-30.3203937062106	0.417179885928278	-30.295653185683	0.748800898783914	-29.5621413021094	0.901482857887594	-29.6261954444187	0.982154720525684	291.691796719097	24.9095941436382
9.31186325560945	-32.0467571597546	0.19468251436343	-31.1536778459592	0.739607784399829	-30.3682172932707	0.434425893489476	-30.2527672957185	0.777095750772419	-29.5547947374129	0.90928647496326	-29.6266246337593	0.993086264753457	292.691768035293	24.9223258321003
9.38806110473039	-31.9129958758131	0.236998781293559	-31.1709294157369	0.755694874860387	-30.3475876406813	0.423883364075266	-30.2224349368985	0.791604503499615	-29.4864042256085	0.909974432987561	-29.5555960130775	0.98461133846392	293.691807244904	24.9223258321003
9.4642164890344	-32.0339678386226	0.213774009973244	-31.3302843402718	0.717027500401406	-30.431425102898	0.450241167754314	-30.2685046217357	0.787885484955412	-29.4966623695831	0.912847081352133	-29.5326932263458	0.998320596886827	294.691807478666	24.9223258321003
9.54038850093881	-32.0291138775647	0.217894851955245	-31.247973022326	0.748517302136185	-30.4049214110753	0.448569312645788	-30.1708377610448	0.781457401359406	-29.52099026943	0.910796077281568	-29.4987771952503	1.00001055420724	295.691735418513	24.9095941436382
9.61727137157383	-31.8520764186978	0.203015911889119	-31.2520663576467	0.768197653191726	-30.3000144937121	0.434441087516717	-30.1641941985999	0.79195401568481	-29.5086375337982	0.928983333056003	-29.5224562119167	0.995594530108504	296.691663358361	24.9350575205624
9.69403668601687	-32.0340708987787	0.197431548413087	-31.3590249027704	0.778918855694349	-30.3820523762191	0.489622731142447	-30.1671555074286	0.789306172289047	-29.4640568448908	0.92629525073739	-29.4913754532092	1.00161121424823	297.691657934338	24.9095941436382
9.77055252358938	-21.7973970901221	-1.44482819976161	-30.8220001905803	0.670102567816008	-30.3442493424798	0.403908249244268	-30.1970724271964	0.812209627001182	-29.494029378276	0.940333061376244	-29.5371478905542	0.971827815037939	298.691647481173	24.9095941436382
9.84717912801231	-23.1986942319199	-1.2302538174764	-31.0338585829628	0.75588596778602	-30.2608036921404	0.396957699304125	-30.1674895893339	0.807466332150911	-29.4982203099934	0.935417292894506	-29.5722018332456	1.00206161155533	299.6916074818	24.9095941436382
9.92356386214184	-23.9780116770416	-1.24696596583299	-30.8839604320271	0.734667536797338	-30.3037884452427	0.426331829583688	-30.1549180150118	0.77563530431256	-29.4787724949064	0.951262950825744	-29.5531823013127	0.981523342282329	300.691589484923	24.9095941436382
10.0000433746415	-24.239232763648	-1.1381422100311	-30.9300218168293	0.666829985831589	-30.3338183798872	0.425688570440258	-30.1278793577726	0.772632152359536	-29.4555450035936	0.937077972912938	-29.4471738881495	0.997121697103281	301.691565830261	24.9350575205624
10.076109166878	-24.6085825776681	-1.14945620419365	-30.9405214165292	0.681882172131344	-30.2045133733234	0.464517986264468	-30.1805405478481	0.793550936598523	-29.4244030709542	0.939071300455048	-29.4373364666455	1.01076869831378	302.691528974101	24.9095941436382
10.152727368443	-24.685647633858	-1.13439485126457	-31.0205480040005	0.658066313429805	-30.30678809891	0.450389529343198	-30.1136401945014	0.794647006128345	-29.43476762826	0.940393906739722	-29.5417686241405	0.986263135792881	303.691515377723	24.9202038840233
10.2287572861339	-24.8492049388587	-1.19696284952675	-30.9489016321442	0.652056526656287	-30.3502771661663	0.432279870211829	-30.1910117715684	0.802213698005802	-29.4277789786929	0.932355554072267	-29.5157402294414	0.977589960725423	304.691498009488	24.9095941436382
10.3049543075419	-25.0918454937637	-1.16623654715868	-30.9393558203821	0.612580506641172	-30.257083390751	0.422339715846306	-30.2107121891295	0.769104169060897	-29.4118954071213	0.922468139671743	-29.4862918407891	0.989343034347484	305.691486927681	24.9095941436382
10.3809972067053	-25.2008968004957	-1.20289224403199	-31.0930979475026	0.566916827588705	-30.366054997691	0.423430200721669	-30.1841529969747	0.786418215160553	-29.4397820966582	0.913154953263053	-29.4661849115193	0.978771176014688	306.691446299665	24.9223258321003
10.4572192480943	-25.331023463048	-1.20905045510118	-31.0805989416582	0.640493818105688	-30.2754797109449	0.452551281305432	-30.1267927406179	0.780347964674208	-29.3868159456856	0.918967473080066	-29.4935237339762	0.97131619620444	307.691426416859	24.9095941436382
10.5333370814721	-25.4196286732331	-1.21128113585825	-31.1194385413966	0.631730006910578	-30.2907561131799	0.385120750771449	-30.108957039467	0.797057285453308	-29.4075014404597	0.917923565816118	-29.5356080147164	0.967388040957728	308.691406534053	24.9095941436382
10.6093507382708	-25.2642322862521	-1.21067309743505	-30.9332045912389	0.613104477119384	-30.2865740948403	0.409052893185788	-30.170206231739	0.750026770681318	-29.4196330900467	0.912060316659954	-29.4497168078831	0.982135548573736	309.691389794461	24.9095941436382
10.6855748017939	-25.4839995279908	-1.17012578805207	-31.1644857966295	0.590918212669755	-30.2342990324876	0.419628719856405	-30.1122864346507	0.767794637411358	-29.4669095240178	0.915548184277221	-29.4710152780278	0.969410357345068	310.691365511157	24.9223258321003
10.7616323064237	-25.6221127500758	-1.17744794926954	-31.1963840257023	0.597772664333098	-30.2796226390681	0.437318939496521	-30.0627281804259	0.754501055053	-29.3767626984722	0.918327232709651	-29.4910660360158	0.981948802935249	311.691339341924	24.9095941436382
10.8378605608984	-25.6971211712807	-1.14128415099628	-31.0205185990427	0.6435211565092	-30.2642023087526	0.39946490551327	-30.1393356674571	0.776038701431888	-29.4195212353079	0.93126884767549	-29.531294616225	0.974293793850449	312.691323859617	24.9095941436382
10.9138908243428	-25.7393961315975	-1.16352917975626	-31.0128987772656	0.60759656126391	-30.2860459768261	0.418910704762368	-30.1331528116639	0.747305239522591	-29.4126092215851	0.921722346503181	-29.4521353144348	0.979794892951559	313.691292661242	24.9095941436382
10.9900046448844	-25.7752106245607	-1.11855699034765	-31.121660643532	0.608137711391186	-30.3327880428217	0.372040351976011	-30.160804731514	0.792302696676914	-29.4551156920338	0.913048517227601	-29.5345313021892	0.971516862545555	314.691270263866	24.9095941436382
11.0662850557516	-25.6824804889038	-1.11245570807244	-31.1042338491372	0.640314628089078	-30.3011709109926	0.432581793517955	-30.1658058602984	0.765276267020569	-29.4267944175808	0.92107831440719	-29.4860045118578	0.982322420475454	315.691244723275	24.9308136244083
11.1423739715635	-25.8540342207998	-1.13060249254862	-31.1694059899343	0.592088898624189	-30.3407251955057	0.455883132474611	-30.2183138770806	0.754360706375992	-29.4593635081059	0.921328866491159	-29.5071134541333	0.9805987775904	316.691228612326	24.9223258321003
11.2185601593616	-25.9421831099316	-1.07640071482728	-31.1385885315282	0.578775804422156	-30.3204509371006	0.475514333467544	-30.1059002876368	0.787595140141123	-29.4253347263211	0.934111187916237	-29.4672023296168	0.975396538932712	317.691291081719	24.9095941436382
11.2947176600962	-25.9540186263621	-1.11976009202572	-31.0365151775024	0.633857718932183	-30.3851611607754	0.461758590564102	-30.0836587920871	0.79129601787301	-29.4661368441725	0.934343581154231	-29.5382420293119	0.961943464057213	318.691193875857	24.9223258321003
11.371091675867	-26.0047554913908	-1.13349703626454	-31.254705475608	0.582270078239992	-30.355171384015	0.455961030767895	-30.0843547550785	0.788851647002703	-29.4478897928006	0.930144676322222	-29.4289174053967	0.989808905377159	319.691198510118	24.9308136244083
11.4471470850209	-25.881968844682	-1.12098624090605	-31.2227768338864	0.616339153280228	-30.4013896756849	0.433714408106141	-30.1430514039826	0.822970930214326	-29.4798009962314	0.929677797502699	-29.5468302498977	0.974498703631425	320.691136508249	24.9350575205624
11.5232816402956	-26.0355642149225	-1.10466729023402	-31.0557665271951	0.611212606218123	-30.3355925374711	0.461904021265753	-30.1696851051365	0.816025723207859	-29.4715920392482	0.94591718567596	-29.5096043938749	0.988810818567613	321.6911159968	24.9095941436382
11.5994243784032	-26.0750335110351	-1.07508992231919	-31.2328915912305	0.677931790023428	-30.2393090301237	0.53023798588805	-30.1927269750495	0.792406886929159	-29.4713472736025	0.953012734088709	-29.539568490042	1.00055482540225	322.691103657708	24.9202038840233
11.6756446910246	-26.2210234673694	-1.04558848041494	-31.1777133599809	0.616304276421039	-30.4637608357751	0.476840098114963	-30.2009419117744	0.789118154794083	-29.4739963184274	0.958687517445647	-29.6067567665279	0.995905633781446	323.691057371907	24.9095941436382
11.7517871567203	-26.1989161968231	-1.03718908384672	-31.1656856741403	0.612764238979884	-30.2862300314985	0.475123710524656	-30.2479651102085	0.788290907369516	-29.4857939021926	0.937838369953262	-29.5881741149671	0.967940816188245	324.691102867946	24.9095941436382
11.8278696079894	-26.3037391509861	-1.06838170739291	-31.2978347452624	0.675823854339262	-30.3495754950725	0.480633061222761	-30.265558159786	0.835087563939938	-29.5310110337677	0.972900290201544	-29.4873028940585	1.00585579333148	325.691047152504	24.9223258321003
11.9040020154013	-25.7857023533434	-1.18008683622116	-31.0685092613987	0.602344999317529	-30.3509436384818	0.512819663041995	-30.2160340441214	0.813179327411179	-29.4993026558368	0.971766137727478	-29.4910825803688	0.988207677429897	326.691015954129	24.9095941436382
11.980530216281	-24.0520414197817	-1.42303985989832	-30.9865467293454	0.573681847354726	-30.3888327837965	0.521229371500027	-30.1791207226347	0.815283847071926	-29.4858933459199	0.970594956787245	-29.5986120322698	0.99014374871433	327.691031275317	24.9095941436382
12.0566334965794	-24.2824419774115	-1.3463280905276	-31.2447951528822	0.62403358081358	-30.3985035293779	0.508689051858397	-30.2068125626956	0.823230624838759	-29.4854979187721	0.976871018022898	-29.5571101187117	1.0235966767657	328.690964872949	24.9223258321003
12.132822240858	-24.304365937598	-1.34346083942449	-31.1445087889476	0.665655994933025	-30.5207342536235	0.5013206554884	-30.2610787568437	0.825242286984521	-29.50893129529	0.95641358277215	-29.6195279686101	1.0294947078588	329.690947504714	24.9095941436382
12.2090070561195	-24.5130447354168	-1.31115567384585	-31.1549955978636	0.659767622875683	-30.4052863151813	0.534242776029601	-30.2540993690577	0.851354812589436	-29.5246166193296	0.967395650474366	-29.5103542555273	1.02525822222918	330.690907505341	24.9202038840233
12.2854998015488	-24.538438401185	-1.27438624096901	-31.1624278816973	0.651089171240989	-30.3691519507254	0.562484393059862	-30.1505738911974	0.831600128708276	-29.51238766516	0.97464765027808	-29.5320632892387	1.04444181339733	331.690892651677	24.9223258321003
12.3615881515822	-24.7457862030715	-1.22236229962191	-31.1822339954121	0.712885149777242	-30.3738107995176	0.536824388664314	-30.1424050810169	0.849920092318202	-29.4596668974036	0.986807679852497	-29.4493129986065	1.01135222291261	332.690857681446	24.9095941436382
12.4379726132999	-25.2272023502737	-1.10466830851174	-30.8764631865812	0.790044579938189	-30.25742286826	0.568614240071412	-29.9707129821268	0.838585001847535	-29.199431351868	0.979855704282024	-29.3365444833391	1.04590846595872	333.690854771994	24.9223258321003
12.5141427392761	-25.9344473667443	-0.927561611287891	-30.814503860314	0.727465983875595	-30.3743501962206	0.504579255797069	-30.0282316942389	0.876203448030582	-29.2568892153244	0.991362947738104	-29.3609504795697	0.989840316728872	334.690813515335	24.9095941436382
12.5903459528151	-25.4958916874602	-0.853058601904471	-31.0090116473181	0.698755133318093	-30.310447722771	0.526566175858449	-30.1175130478059	0.835040767302986	-29.3851973360256	0.970616201228886	-29.4071285779994	0.99410309740466	335.690799918957	24.9477892090244
12.6664789260055	-25.4960020082071	-0.872168190181347	-31.1342001283808	0.734438815084877	-30.2700962961697	0.521754131530088	-30.0884854644623	0.844291873580063	-29.2999209748845	0.974235154853425	-29.3908736375058	1.0103488228562	336.690778778866	24.9095941436382
12.7424694697062	-25.5695542339236	-0.859348528210254	-31.0095239604158	0.704083799445846	-30.208808084675	0.536806270454832	-30.0627914071169	0.832647248931453	-29.3206728659215	0.971928905509309	-29.3648761633933	1.0135407036109	337.690757010132	24.9095941436382
12.8187264741088	-25.4210309032351	-0.830200040481535	-30.9741031042878	0.694813613763279	-30.2360119328881	0.561939206150186	-30.0182765871373	0.837456855849298	-29.2674471880472	0.982622961448662	-29.3351979243296	1.01513246810562	338.690727697685	24.9202038840233
12.8949423443216	-22.631083025597	-1.76897681758418	-30.9319889110467	0.717009736466343	-30.264388324418	0.526530130342764	-30.105996618322	0.822003238448433	-29.3698710629155	0.984575569251654	-29.35352905174	1.01514826795055	339.690697756596	24.9350575205624
12.9711604357387	-22.9451355235651	-1.68351357883755	-30.9131468695543	0.716735537237901	-30.2163688347721	0.526963539480306	-30.1001985860812	0.869976587704885	-29.3453569722319	0.973812960213984	-29.2901322416094	1.02056886783839	340.69069170393	24.9223258321003
13.0475300300556	-23.098948973231	-1.62497097415205	-30.9528387033335	0.71553207883577	-30.2804548383736	0.575017758420558	-30.0460475672658	0.845054734643044	-29.3482014764158	0.98532264982854	-29.3662946415031	1.01724285200414	341.690660505556	24.9223258321003
13.1237499759688	-23.2673118915409	-1.61255274657139	-30.9262758188835	0.66420422004436	-30.1680888348304	0.557012860114952	-30.0350421315943	0.835984452425011	-29.3485379181447	0.9802254737507	-29.3482786072738	0.971249466112609	342.690628049895	24.9095941436382
13.1998907338517	-23.3310164082795	-1.54513926455262	-30.9229702738068	0.691723571584055	-30.2439420321069	0.560613377378673	-30.0481782513093	0.845036531610718	-29.3444899779701	0.973802484431225	-29.3570432135814	1.00315600513652	343.690619482659	24.9095941436382
13.2760107046148	-23.5071220071986	-1.53730122749959	-30.9517491242183	0.71854432513303	-30.2401881040121	0.554145387416895	-30.086109236956	0.838694728313401	-29.3355645474935	0.979325889792769	-29.3328414607942	1.02542286480889	344.690604628995	24.9350575205624
13.3522493212173	-23.504143036902	-1.50320115968514	-30.9944714232926	0.70745679931847	-30.1452358947179	0.551451983923443	-30.0069714146089	0.845017154648959	-29.3304562084022	0.98199911119773	-29.2798339867943	1.00435374789447	345.690642581321	24.9095941436382
13.4283525910384	-23.679637231864	-1.65639898780238	-30.8615494078291	0.69698269743663	-30.1836804897569	0.578272668208996	-30.0395472060445	0.83151260055884	-29.314723681623	0.977123703938865	-29.3669088721087	1.00204468449894	346.690556062385	24.9202038840233
13.504499614394	-23.8022660501301	-1.62691442508491	-30.8433928588671	0.734425823261211	-30.2615898781503	0.558914471335896	-30.0461351350036	0.81446533336201	-29.3206391089966	0.983615008966503	-29.3533077471445	1.00129885775728	347.690553781576	24.9223258321003
13.5805028462006	-23.8827672936022	-1.61279206351877	-31.0031641640655	0.667366516213468	-30.2670261063657	0.583258998141332	-30.0430922934074	0.859793468039969	-29.326379808665	0.980282178918252	-29.2603101975348	1.00391261395192	348.690496808849	24.9223258321003
13.6566331895689	-23.9845692021772	-1.52880914393676	-30.9663658085857	0.682749120342953	-30.2986559473955	0.578454786091186	-30.0221633059728	0.841504855317753	-29.3215685755485	0.994316941657609	-29.360672752405	1.00164430763731	349.690486355685	24.9223258321003
13.7327260553526	-23.9549127938226	-1.56669626974496	-30.9187761128834	0.657600089394129	-30.3156572268388	0.557425249677408	-30.0883136817474	0.851004342741889	-29.3355117460564	0.984391368138496	-29.3524832550586	1.02336327985479	350.690453900024	24.9095941436382
13.8089672808225	-24.0862740548328	-1.5584568875335	-31.0735827237014	0.71796067217378	-30.2772694640837	0.530242476173214	-29.9966046267409	0.868096173233114	-29.3415495839858	0.998506002358433	-29.2905215310591	1.0075537806772	351.690427102149	24.9095941436382
13.8851888088199	-23.67570980452	-1.61883986868917	-31.0118308861694	0.714529067266801	-30.3181145773313	0.575623869843014	-30.0962783236678	0.865605561921599	-29.326688430754	0.98994688438436	-29.3004055261424	0.992676149795968	352.690482656471	24.9223258321003
13.9612899936425	-23.9038015156984	-1.5920918040872	-31.2130780623249	0.706630304189281	-30.3132121921561	0.540863469233017	-30.1586686936962	0.886742032185923	-29.3717032749264	0.987497228127147	-29.3480005035155	1.03408763377132	353.690477232449	24.9095941436382
14.0374411869949	-23.442690580152	-1.57453021639053	-31.1633535107864	0.686032048560128	-30.3564856157685	0.541091540605351	-30.1738321834464	0.877588120735682	-29.4253390493136	1.00035726042962	-29.4052928328326	1.0675126482526	354.690375626087	24.9095941436382
14.1135775653335	-23.6213799705729	-1.55319353657568	-31.1563199087624	0.675012886471654	-30.3339266681158	0.609651447285956	-30.1255671967442	0.882715426248568	-29.417439239271	1.00201627816529	-29.3510395662163	1.03240004479592	355.690336255357	24.9223258321003
14.1896643542374	-23.6258510863408	-1.57244569024282	-31.1279985711864	0.750349871963158	-30.2188321822367	0.558608231137299	-30.0796910045492	0.894269142454222	-29.3816561984162	0.997841278788336	-29.4127439627402	1.0661969829758	356.690335231833	24.9223258321003
14.2659241980097	-23.6730558853596	-1.63486021793073	-31.0796750690435	0.706290324961208	-30.3408989229286	0.619224894654792	-30.1184493207593	0.899741016534465	-29.3803078511168	1.00944313498972	-29.3768006774323	1.04927455392132	357.690308433957	24.9095941436382
14.342115310176	-23.830554866232	-1.60033597768039	-31.2067499129368	0.768570701700958	-30.3414590441669	0.623586555801211	-30.1464112571393	0.875670178587329	-29.3805282525363	1.02309633078016	-29.3894211874578	1.0382500795525	358.690282264724	24.9202038840233
14.4182512275099	-23.777620553039	-1.59617567184454	-31.1587015880538	0.734257052906378	-30.2608677894853	0.620315815353934	-30.1235714980621	0.895945582162911	-29.3576995759017	1.00632157430319	-29.3129100353692	1.0527693344893	359.690259867348	24.9223258321003
14.4944232079821	-23.9097990263253	-1.6051233453059	-31.0816294389112	0.702727882700833	-30.425819162377	0.584318449815697	-30.1201836381729	0.875814903582268	-29.3491669507961	1.01479596094207	-29.2427534414776	1.06313038404698	360.690303477459	24.9350575205624
14.5704535447682	-23.8045087093487	-1.63225611330613	-31.170909904529	0.739201708220952	-30.2875187040352	0.608150380567025	-30.1006152225482	0.890802914656449	-29.3381985984387	1.01971149160867	-29.2929116712187	1.06062513798814	361.690212558024	24.9223258321003
14.6465651650603	-23.9725399212912	-1.62431361803737	-31.3368998020534	0.700028928190426	-30.2043941364671	0.621487406674987	-30.1107471627938	0.880434330631745	-29.3671829811873	1.01190675079823	-29.3751145704038	1.06367258637709	362.690191417933	24.9095941436382
14.722553801878	-23.8944114511833	-1.59718770927417	-31.1225678069783	0.749623722451338	-30.2269349993251	0.600084384362219	-30.1025762653862	0.883086554350813	-29.3283555552834	1.01038385549386	-29.3189794463003	1.04068778530626	363.690159590915	24.9095941436382
14.7987924918222	-23.8728035250679	-1.62650394571198	-31.2194526232426	0.787474100215241	-30.2138452381872	0.628530297425755	-30.0568383942846	0.862486690919882	-29.3411246649566	1.00587192064095	-29.3379605786178	1.03785707687508	364.690147251822	24.9223258321003
14.8751603888037	-23.8690286967903	-1.62758145293298	-31.0952830885491	0.726754357331493	-30.2054895379627	0.641630861720074	-30.0655762276565	0.909427188091102	-29.3507273143009	1.01181080338343	-29.3123310290764	1.035088818278	365.690121711232	24.9095941436382
14.9512928171704	-22.7504461323842	-1.78691306360303	-31.0082311418793	0.750235405422564	-30.1958693728828	0.585577387488798	-30.0365586557646	0.907819045864018	-29.3551806662289	1.02728983619661	-29.2510882095669	1.02742967741298	366.690101199783	24.9095941436382
15.0274231605387	-23.0025597037748	-1.7368292964171	-31.028452365934	0.764241447561068	-30.3530392454052	0.69611372741079	-30.0384154958474	0.883839346378311	-29.3632259827995	1.00809139337377	-29.2749807978027	1.06085430082751	367.69008194562	24.9095941436382
15.1035597484248	-23.0038783904165	-1.73433784786641	-30.9700090071453	0.7095924409193	-30.1857295573735	0.625304170961613	-30.0007216749536	0.893166428998158	-29.3291610491419	1.0152313013512	-29.3299997924216	1.029131579166	368.69007023517	24.9223258321003
15.1796275523181	-23.037888256833	-1.7111727795393	-30.8741298888764	0.738739243460066	-30.3498293803121	0.638319269882942	-30.0166788803767	0.901992977684871	-29.3061455309862	0.999805400938051	-29.3489379457262	1.05052077442227	369.690036522225	24.9095941436382
15.2557391830875	-23.0859962347895	-1.70687626187998	-31.0466393796993	0.760644232192453	-30.0942944699012	0.598945680714422	-30.0015937143226	0.904343299629802	-29.3145453205183	1.00735028665638	-29.3090405634668	1.05431389829287	370.69001223892	24.9095941436382
15.3320195206131	-23.1335872393101	-1.66918614328079	-30.9087945539151	0.741975640229873	-30.200502180406	0.60059673044978	-29.9541466725814	0.892507802628474	-29.2783037883186	1.0151210100151	-29.2790417177923	1.02307075238494	371.689991727471	24.9095941436382
15.4082019051226	-23.0217909868807	-1.71254274943776	-30.9263811992748	0.762101584495673	-30.1305172153796	0.653387865312056	-29.9182385972654	0.887621537466531	-29.2660242695419	0.984529915012722	-29.2880117210286	1.04546792685657	372.689965558238	24.9095941436382
15.4842698033123	-22.1019642353058	-1.89279139031122	-30.750191338325	0.73734007889741	-30.1548483313107	0.619088153018567	-29.9577154857861	0.898102432400124	-29.3002693574107	1.01220699183306	-29.2444463637555	1.0335487108815	373.690078947693	24.9202038840233
15.5604397406957	-22.4083454767242	-1.88908623493398	-30.8115394108883	0.724579150354492	-30.0424296931408	0.653281591910315	-30.0229638101887	0.912941087100252	-29.2846603115872	0.995985676448193	-29.2677666241282	1.03719153015655	374.689913848415	24.9223258321003
15.636524245531	-22.4940951215103	-1.82704078843374	-30.9138354155813	0.721032201092675	-30.16493720422	0.627874050676411	-29.912261805373	0.880461473309028	-29.244557577253	0.997481000710885	-29.2273707668703	1.04402284211777	375.689910310321	24.9095941436382
15.7127191295537	-22.5112499678507	-1.81118478094634	-30.8136778448663	0.716334435693119	-30.1167103723667	0.632626734237647	-29.9062951132742	0.888610991338511	-29.2354605069235	0.976268992399817	-29.2476954339392	1.04951763700656	376.689880997874	24.9095941436382
15.7887640298965	-22.4439309211448	-1.92200874362265	-30.7795652591578	0.709335692515799	-30.1730636687064	0.61318758923548	-29.944759457248	0.901908130728104	-29.2252254630602	1.00450348329873	-29.2146161314929	1.01967296352915	377.689876202494	24.9095941436382
15.8648798201854	-22.5113734044135	-1.96843985171204	-30.8660118579511	0.718542500210055	-30.0931617022537	0.609353074724595	-29.8988674155389	0.858511013098267	-29.2338885304475	0.995618324619706	-29.1114950750173	1.01522339619296	378.689829916693	24.9095941436382
15.9409934835664	-22.5638047484681	-1.90993454763991	-30.8268829968712	0.703264969201518	-30.1162612923466	0.618309674554127	-29.9357041801813	0.859202351891726	-29.2383115220873	1.0007969593477	-29.1960527207177	0.994168940665488	379.689808776602	24.9095941436382
16.0172118473953	-22.5459300614893	-1.86887873652704	-30.8144667986427	0.739484885065201	-30.0341374383354	0.608945751573629	-29.9028496156934	0.889209164396151	-29.2016092310823	1.00180856769196	-29.3248592921088	1.00975086904626	380.689783864655	24.9095941436382
16.0933583678367	-22.5792769063264	-1.8484651897603	-30.8357252999787	0.715455795885737	-30.1900750325106	0.683206647397725	-29.9566310080122	0.888318797478122	-29.215583947348	0.995177456027996	-29.2045196519468	1.02762763826693	381.689887824468	24.9095941436382
16.1694574571836	-22.6335216993466	-1.89428285652712	-30.8090266684336	0.729737312386169	-30.065186628797	0.649518588021039	-29.9122875652229	0.882180737187868	-29.1983680819944	0.975608607123825	-29.2168527185729	1.04095750486918	382.689745356329	24.9095941436382
16.2456190440959	-22.5798574546352	-1.87499770008207	-30.9516951509706	0.703167705582621	-30.1196966522419	0.618215862986375	-29.9021392145414	0.874123731952311	-29.2646804745472	0.997643281353582	-29.2721721612404	1.01414386198915	383.68971101474	24.9095941436382
16.3218306081059	-22.618736342527	-1.92441489458439	-30.8949292183808	0.738822398420786	-30.0117065728689	0.579801311420681	-29.870197350434	0.878615998913632	-29.2067264603715	0.993332700124249	-29.1610816040986	1.01959089110255	384.689699932933	24.9095941436382
16.3978630508451	-22.026212465018	-2.12068911310091	-30.8880812208746	0.733698645961346	-30.0860283837699	0.586844970729203	-29.9415661341463	0.885208080485627	-29.2303027257794	0.991052960278644	-29.2944629972442	1.01310060520762	385.689684450626	24.9350575205624
16.4742267568751	-21.9701562477276	-2.05879905875877	-30.9185716050012	0.706719477191348	-30.156335713067	0.596186043465309	-29.9326789804954	0.905837113438069	-29.2039425914958	0.993867518254327	-29.229672990856	1.05013226708468	386.689653252251	24.9202038840233
16.5504469961549	-22.0205033756793	-2.09118471035946	-30.9282537872238	0.691648515829746	-30.094722985574	0.635510736979939	-29.9473168190125	0.891197018748089	-29.2382370344939	1.00173215787495	-29.2676196871646	1.01716883977798	387.689631483518	24.9223258321003
16.6275978257569	-22.0820030653849	-2.07508480469629	-30.9917184157563	0.69082605746886	-30.0008757517719	0.670224687639575	-29.8930442088504	0.873302119533038	-29.2591156152034	0.999756222373201	-29.2471610938771	1.04207023394974	388.689623544924	24.9095941436382
16.7036448530077	-22.18821790535	-2.03301682586458	-30.9418757321579	0.717270026140858	-30.2022332192444	0.61808101349348	-29.9322284364362	0.926149956657214	-29.2495115477649	0.995267044847829	-29.2743981055048	1.02233447655274	389.753538514487	24.9095941436382
16.7797085078588	-22.1742197778076	-2.0319751240708	-30.8469680267964	0.799559787934561	-30.1413668283306	0.645550137652777	-29.9025377886724	0.900123957081293	-29.2132635004463	1.00238584321496	-29.1812039242361	1.02287618894645	390.689605153166	24.9350575205624
16.855799257212	-22.2377832522616	-2.02797153952451	-31.0333900954221	0.715143430849173	-30.1452487678314	0.678813967177405	-29.8565765257481	0.904037400487398	-29.2337860328102	0.999636382664527	-29.1617717513793	1.04111205540882	391.68953937944	24.9095941436382
16.9323858380473	-22.19253828004	-2.04879511886724	-30.9124951890005	0.62891896882997	-30.1989628271247	0.653031038120474	-29.9304802311408	0.908021731950542	-29.2441385806077	1.0000929318276	-29.1951234030264	1.04328283229284	392.689516982064	24.9223258321003
17.0085750014211	-21.4864330608398	-2.21447520733851	-30.9106715346021	0.699005265578001	-30.0139244795821	0.646842372158204	-29.9344214499083	0.892591710746517	-29.1651926565973	1.01312368399837	-29.1943771156209	1.05018076607075	393.689492070116	24.9223258321003